B0
5000,5001,232,526,1
5000,5002,232,335,0
5002,5003,232,396,0
5002,5004,232,517,1
5004,5005,232,203,2
B1
5000,5001,150,360,0
5000,5002,150,156,5
5002,5003,150,283,5
5000,5004,150,554,3
5001,5005,150,342,2
B2
5000,5001,50,567,2
5000,5002,50,552,3
5000,5003,50,498,1
5000,5004,50,358,2
5002,5005,50,374,0
B3
5000,5001,445,202,4
5000,5002,445,316,5
5002,5003,445,557,5
5000,5004,445,308,1
5001,5005,445,292,5
B4
5000,5001,446,286,1
5000,5002,446,515,0
5000,5003,446,231,0
5003,5004,446,344,2
5002,5005,446,118,3
B5
5000,5001,295,236,2
5001,5002,295,159,0
5001,5003,295,159,2
5001,5004,295,392,5
5001,5005,295,36,5
B6
5000,5001,521,309,1
5001,5002,521,217,5
5002,5003,521,145,3
5002,5004,521,35,0
5003,5005,521,240,1
B7
5000,5001,502,21,3
5001,5002,502,440,0
5001,5003,502,550,0
5002,5004,502,261,1
5002,5005,502,105,3
B8
5000,5001,182,455,0
5000,5002,182,94,3
5001,5003,182,364,1
5001,5004,182,247,1
5002,5005,182,399,5
B9
5000,5001,62,566,2
5000,5002,62,339,3
5000,5003,62,3,0
5003,5004,62,307,5
5001,5005,62,228,2
B10
5000,5001,103,175,0
5001,5002,103,65,2
5001,5003,103,155,0
5002,5004,103,133,0
5003,5005,103,528,0
B11
5000,5001,179,249,2
5000,5002,179,139,5
5001,5003,179,406,0
5002,5004,179,132,1
5000,5005,179,216,2
B12
5000,5001,173,260,4
5001,5002,173,216,5
5000,5003,173,435,1
5000,5004,173,109,3
5002,5005,173,528,1
B13
5000,5001,46,389,4
5000,5002,46,415,3
5000,5003,46,0,2
5002,5004,46,57,2
5000,5005,46,148,2
B14
5000,5001,518,531,2
5000,5002,518,406,4
5001,5003,518,274,5
5003,5004,518,3,4
5004,5005,518,88,5
B15
5000,5001,271,204,1
5001,5002,271,439,2
5002,5003,271,465,3
5000,5004,271,169,4
5000,5005,271,495,5
B16
5000,5001,557,468,0
5001,5002,557,125,1
5000,5003,557,417,4
5003,5004,557,2,0
5004,5005,557,536,0
B17
5000,5001,322,162,2
5000,5002,322,362,3
5000,5003,322,456,5
5001,5004,322,56,0
5001,5005,322,176,2
B18
5000,5001,49,12,5
5000,5002,49,479,3
5000,5003,49,270,3
5001,5004,49,132,3
5004,5005,49,328,4
B19
5000,5001,278,270,2
5001,5002,278,181,5
5002,5003,278,492,1
5001,5004,278,317,3
5004,5005,278,496,1
B20
5000,5001,449,369,0
5001,5002,449,338,0
5002,5003,449,284,5
5001,5004,449,334,0
5003,5005,449,162,1
B21
5000,5001,267,115,3
5000,5002,267,91,0
5000,5003,267,327,4
5002,5004,267,575,4
5002,5005,267,258,3
B22
5000,5001,108,240,3
5000,5002,108,230,4
5001,5003,108,560,5
5001,5004,108,297,2
5004,5005,108,253,4
B23
5000,5001,262,152,1
5000,5002,262,65,3
5002,5003,262,152,2
5002,5004,262,97,0
5000,5005,262,300,1
B24
5000,5001,283,24,5
5001,5002,283,173,4
5000,5003,283,108,4
5001,5004,283,378,0
5000,5005,283,48,0
B25
5000,5001,446,42,5
5001,5002,446,77,5
5000,5003,446,94,1
5000,5004,446,463,2
5004,5005,446,257,1
B26
5000,5001,134,197,3
5001,5002,134,425,1
5002,5003,134,10,2
5003,5004,134,98,5
5004,5005,134,457,3
B27
5000,5001,258,498,1
5000,5002,258,417,4
5002,5003,258,121,0
5000,5004,258,209,1
5004,5005,258,574,5
B28
5000,5001,192,457,1
5000,5002,192,52,2
5002,5003,192,311,4
5001,5004,192,422,1
5003,5005,192,290,3
B29
5000,5001,532,398,4
5000,5002,532,158,3
5001,5003,532,173,5
5001,5004,532,91,1
5003,5005,532,113,2
B30
5000,5001,547,355,4
5001,5002,547,404,3
5000,5003,547,332,5
5000,5004,547,556,2
5001,5005,547,203,3
B31
5000,5001,130,311,3
5000,5002,130,253,5
5000,5003,130,473,1
5001,5004,130,397,5
5001,5005,130,460,4
B32
5000,5001,343,461,0
5001,5002,343,229,1
5000,5003,343,529,3
5003,5004,343,416,1
5003,5005,343,547,1
B33
5000,5001,113,17,0
5001,5002,113,450,4
5000,5003,113,283,3
5000,5004,113,196,4
5004,5005,113,45,4
B34
5000,5001,575,37,4
5001,5002,575,353,0
5000,5003,575,390,4
5003,5004,575,79,0
5001,5005,575,526,2
B35
5000,5001,67,140,2
5001,5002,67,121,3
5000,5003,67,511,2
5001,5004,67,42,2
5003,5005,67,8,1
B36
5000,5001,262,197,1
5000,5002,262,337,0
5001,5003,262,172,3
5002,5004,262,12,1
5002,5005,262,295,2
B37
5000,5001,191,476,1
5001,5002,191,384,4
5002,5003,191,461,1
5003,5004,191,10,5
5000,5005,191,231,0
B38
5000,5001,54,169,2
5000,5002,54,60,0
5000,5003,54,266,2
5000,5004,54,171,3
5001,5005,54,325,5
B39
5000,5001,379,73,0
5001,5002,379,359,0
5000,5003,379,179,0
5003,5004,379,452,2
5004,5005,379,259,2
B40
5000,5001,204,182,3
5001,5002,204,76,5
5001,5003,204,567,1
5001,5004,204,328,5
5000,5005,204,555,1
B41
5000,5001,381,526,5
5000,5002,381,298,3
5001,5003,381,134,1
5000,5004,381,373,3
5001,5005,381,246,5
B42
5000,5001,568,333,1
5001,5002,568,125,5
5000,5003,568,13,5
5000,5004,568,74,0
5004,5005,568,559,5
B43
5000,5001,310,240,3
5001,5002,310,46,2
5002,5003,310,173,2
5001,5004,310,375,4
5000,5005,310,159,3
B44
5000,5001,48,91,0
5001,5002,48,115,0
5000,5003,48,86,3
5002,5004,48,480,3
5002,5005,48,68,3
B45
5000,5001,562,378,1
5001,5002,562,429,2
5002,5003,562,240,3
5002,5004,562,541,3
5003,5005,562,48,0
B46
5000,5001,460,283,5
5001,5002,460,425,1
5001,5003,460,282,3
5001,5004,460,500,3
5002,5005,460,518,2
B47
5000,5001,286,352,3
5000,5002,286,29,0
5001,5003,286,302,2
5003,5004,286,145,2
5000,5005,286,251,1
B48
5000,5001,361,404,4
5000,5002,361,470,0
5001,5003,361,289,2
5000,5004,361,234,5
5003,5005,361,45,0
B49
5000,5001,150,248,3
5000,5002,150,230,3
5002,5003,150,308,1
5000,5004,150,502,5
5001,5005,150,374,0
B50
5000,5001,405,27,2
5000,5002,405,327,0
5000,5003,405,177,0
5000,5004,405,274,2
5000,5005,405,228,4
B51
5000,5001,540,290,4
5000,5002,540,71,5
5001,5003,540,275,0
5001,5004,540,53,0
5001,5005,540,34,3
B52
5000,5001,162,298,0
5000,5002,162,528,2
5000,5003,162,303,2
5003,5004,162,429,3
5000,5005,162,340,5
B53
5000,5001,496,75,3
5001,5002,496,177,5
5001,5003,496,398,3
5002,5004,496,15,0
5004,5005,496,505,3
B54
5000,5001,469,225,4
5001,5002,469,491,4
5002,5003,469,276,2
5003,5004,469,299,5
5000,5005,469,103,3
B55
5000,5001,361,90,5
5001,5002,361,526,1
5000,5003,361,84,2
5001,5004,361,297,3
5001,5005,361,522,0
B56
5000,5001,60,131,3
5001,5002,60,509,4
5002,5003,60,4,3
5003,5004,60,421,1
5000,5005,60,369,3
B57
5000,5001,9,211,3
5000,5002,9,245,5
5000,5003,9,427,3
5003,5004,9,232,1
5004,5005,9,320,4
B58
5000,5001,83,354,3
5000,5002,83,167,0
5000,5003,83,501,3
5003,5004,83,554,4
5002,5005,83,559,2
B59
5000,5001,522,303,3
5000,5002,522,370,5
5001,5003,522,242,0
5000,5004,522,96,2
5002,5005,522,378,1
B60
5000,5001,259,97,2
5001,5002,259,297,3
5000,5003,259,345,4
5000,5004,259,368,3
5000,5005,259,285,5
B61
5000,5001,36,15,0
5001,5002,36,285,2
5001,5003,36,212,1
5001,5004,36,239,0
5002,5005,36,116,2
B62
5000,5001,39,340,2
5001,5002,39,19,2
5001,5003,39,30,3
5003,5004,39,302,2
5003,5005,39,114,3
B63
5000,5001,473,99,5
5000,5002,473,189,0
5000,5003,473,61,0
5000,5004,473,535,0
5002,5005,473,392,4
B64
5000,5001,279,316,0
5000,5002,279,434,0
5002,5003,279,507,2
5000,5004,279,424,0
5003,5005,279,78,4
B65
5000,5001,470,425,1
5000,5002,470,493,5
5002,5003,470,49,3
5003,5004,470,103,0
5004,5005,470,267,3
B66
5000,5001,48,80,0
5000,5002,48,355,4
5001,5003,48,23,4
5002,5004,48,163,3
5000,5005,48,402,0
B67
5000,5001,104,571,2
5001,5002,104,318,3
5001,5003,104,553,1
5003,5004,104,482,1
5004,5005,104,505,4
B68
5000,5001,286,4,1
5001,5002,286,569,4
5001,5003,286,356,1
5001,5004,286,387,1
5004,5005,286,229,5
B69
5000,5001,301,530,2
5000,5002,301,226,3
5000,5003,301,8,4
5000,5004,301,150,0
5004,5005,301,366,1
B70
5000,5001,345,364,0
5001,5002,345,258,2
5001,5003,345,555,0
5003,5004,345,280,3
5000,5005,345,38,3
B71
5000,5001,496,181,0
5000,5002,496,429,5
5000,5003,496,440,1
5002,5004,496,120,4
5003,5005,496,115,3
B72
5000,5001,5,304,1
5001,5002,5,539,3
5000,5003,5,72,4
5003,5004,5,214,3
5004,5005,5,55,0
B73
5000,5001,291,319,3
5000,5002,291,55,0
5002,5003,291,75,5
5003,5004,291,247,0
5004,5005,291,53,5
B74
5000,5001,315,543,3
5000,5002,315,262,3
5000,5003,315,105,2
5000,5004,315,48,4
5003,5005,315,263,4
B75
5000,5001,417,484,4
5000,5002,417,476,4
5002,5003,417,478,2
5002,5004,417,52,5
5000,5005,417,373,0
B76
5000,5001,369,381,5
5000,5002,369,350,1
5000,5003,369,199,5
5000,5004,369,295,3
5003,5005,369,336,3
B77
5000,5001,312,144,4
5000,5002,312,435,2
5001,5003,312,259,1
5001,5004,312,453,2
5000,5005,312,57,1
B78
5000,5001,491,481,1
5000,5002,491,218,4
5002,5003,491,476,0
5003,5004,491,278,1
5002,5005,491,159,5
B79
5000,5001,128,360,0
5001,5002,128,305,5
5000,5003,128,313,5
5000,5004,128,457,3
5004,5005,128,148,3
B80
5000,5001,395,10,3
5001,5002,395,562,3
5002,5003,395,289,5
5001,5004,395,166,0
5002,5005,395,164,5
B81
5000,5001,472,501,0
5000,5002,472,416,3
5000,5003,472,282,3
5002,5004,472,143,0
5001,5005,472,266,0
B82
5000,5001,459,109,0
5001,5002,459,5,3
5002,5003,459,228,3
5003,5004,459,79,5
5001,5005,459,143,5
B83
5000,5001,284,166,0
5000,5002,284,503,4
5002,5003,284,472,5
5003,5004,284,332,2
5000,5005,284,536,5
B84
5000,5001,465,75,2
5000,5002,465,465,1
5001,5003,465,399,4
5000,5004,465,318,3
5002,5005,465,186,2
B85
5000,5001,482,83,5
5001,5002,482,311,5
5000,5003,482,9,4
5000,5004,482,66,3
5003,5005,482,230,4
B86
5000,5001,443,163,0
5001,5002,443,140,3
5000,5003,443,271,0
5000,5004,443,155,5
5003,5005,443,13,0
B87
5000,5001,278,5,0
5001,5002,278,263,1
5002,5003,278,521,2
5001,5004,278,508,2
5001,5005,278,185,1
B88
5000,5001,520,458,2
5000,5002,520,528,3
5001,5003,520,457,4
5000,5004,520,530,1
5004,5005,520,451,1
B89
5000,5001,538,563,0
5001,5002,538,315,0
5001,5003,538,289,1
5001,5004,538,552,3
5003,5005,538,186,2
B90
5000,5001,400,277,2
5001,5002,400,399,2
5001,5003,400,72,3
5000,5004,400,487,4
5002,5005,400,16,0
B91
5000,5001,257,316,0
5000,5002,257,57,2
5002,5003,257,179,2
5001,5004,257,471,3
5004,5005,257,284,3
B92
5000,5001,435,76,3
5000,5002,435,95,4
5001,5003,435,330,1
5001,5004,435,509,1
5004,5005,435,174,2
B93
5000,5001,323,496,3
5000,5002,323,222,4
5002,5003,323,558,5
5000,5004,323,57,1
5001,5005,323,373,4
B94
5000,5001,80,352,4
5000,5002,80,525,3
5001,5003,80,172,1
5002,5004,80,544,4
5000,5005,80,56,1
B95
5000,5001,120,77,5
5001,5002,120,390,4
5001,5003,120,405,1
5002,5004,120,434,3
5001,5005,120,367,4
B96
5000,5001,140,440,3
5001,5002,140,268,4
5001,5003,140,396,5
5000,5004,140,324,5
5001,5005,140,358,5
B97
5000,5001,449,309,1
5001,5002,449,409,1
5002,5003,449,301,3
5000,5004,449,75,0
5003,5005,449,8,1
B98
5000,5001,448,348,1
5000,5002,448,188,5
5002,5003,448,44,0
5003,5004,448,117,4
5004,5005,448,215,0
B99
5000,5001,8,122,0
5000,5002,8,22,4
5001,5003,8,399,0
5000,5004,8,85,2
5004,5005,8,3,2
