N1000
1000,1001,0,0,0
1000,1002,0,1,0
N1001
1000,1001,0,0,1
1000,1002,0,1,0
N1002
1000,1001,0,0,1
1000,1002,0,1,1
N1003
1000,1001,0,0,0
1000,1002,0,2,0
N1004
1000,1001,0,0,1
1000,1002,0,2,0
N1005
1000,1001,0,0,1
1000,1002,0,2,1
N1006
1000,1001,0,0,0
1000,1002,0,3,0
N1007
1000,1001,0,0,1
1000,1002,0,3,0
N1008
1000,1001,0,0,1
1000,1002,0,3,1
N1009
1000,1001,0,0,0
1000,1002,0,4,0
N1010
1000,1001,0,0,1
1000,1002,0,4,0
N1011
1000,1001,0,0,1
1000,1002,0,4,1
N1012
1000,1001,0,0,0
1000,1002,1,0,0
N1013
1000,1001,0,0,1
1000,1002,1,0,0
N1014
1000,1001,0,0,1
1000,1002,1,0,1
N1015
1000,1001,0,0,0
1000,1002,1,1,0
N1016
1000,1001,0,0,1
1000,1002,1,1,0
N1017
1000,1001,0,0,1
1000,1002,1,1,1
N1018
1000,1001,0,0,0
1000,1002,1,2,0
N1019
1000,1001,0,0,1
1000,1002,1,2,0
N1020
1000,1001,0,0,1
1000,1002,1,2,1
N1021
1000,1001,0,0,0
1000,1002,1,3,0
N1022
1000,1001,0,0,1
1000,1002,1,3,0
N1023
1000,1001,0,0,1
1000,1002,1,3,1
N1024
1000,1001,0,0,0
1000,1002,1,4,0
N1025
1000,1001,0,0,1
1000,1002,1,4,0
N1026
1000,1001,0,0,1
1000,1002,1,4,1
N1027
1000,1001,0,1,0
1000,1002,0,0,0
N1028
1000,1001,0,1,1
1000,1002,0,0,0
N1029
1000,1001,0,1,1
1000,1002,0,0,1
N1030
1000,1001,0,1,0
1000,1002,0,2,0
N1031
1000,1001,0,1,1
1000,1002,0,2,0
N1032
1000,1001,0,1,1
1000,1002,0,2,1
N1033
1000,1001,0,1,0
1000,1002,0,3,0
N1034
1000,1001,0,1,1
1000,1002,0,3,0
N1035
1000,1001,0,1,1
1000,1002,0,3,1
N1036
1000,1001,0,1,0
1000,1002,0,4,0
N1037
1000,1001,0,1,1
1000,1002,0,4,0
N1038
1000,1001,0,1,1
1000,1002,0,4,1
N1039
1000,1001,0,1,0
1000,1002,1,0,0
N1040
1000,1001,0,1,1
1000,1002,1,0,0
N1041
1000,1001,0,1,1
1000,1002,1,0,1
N1042
1000,1001,0,1,0
1000,1002,1,1,0
N1043
1000,1001,0,1,1
1000,1002,1,1,0
N1044
1000,1001,0,1,1
1000,1002,1,1,1
N1045
1000,1001,0,1,0
1000,1002,1,2,0
N1046
1000,1001,0,1,1
1000,1002,1,2,0
N1047
1000,1001,0,1,1
1000,1002,1,2,1
N1048
1000,1001,0,1,0
1000,1002,1,3,0
N1049
1000,1001,0,1,1
1000,1002,1,3,0
N1050
1000,1001,0,1,1
1000,1002,1,3,1
N1051
1000,1001,0,1,0
1000,1002,1,4,0
N1052
1000,1001,0,1,1
1000,1002,1,4,0
N1053
1000,1001,0,1,1
1000,1002,1,4,1
N1054
1000,1001,0,2,0
1000,1002,0,0,0
N1055
1000,1001,0,2,1
1000,1002,0,0,0
N1056
1000,1001,0,2,1
1000,1002,0,0,1
N1057
1000,1001,0,2,0
1000,1002,0,1,0
N1058
1000,1001,0,2,1
1000,1002,0,1,0
N1059
1000,1001,0,2,1
1000,1002,0,1,1
N1060
1000,1001,0,2,0
1000,1002,0,3,0
N1061
1000,1001,0,2,1
1000,1002,0,3,0
N1062
1000,1001,0,2,1
1000,1002,0,3,1
N1063
1000,1001,0,2,0
1000,1002,0,4,0
N1064
1000,1001,0,2,1
1000,1002,0,4,0
N1065
1000,1001,0,2,1
1000,1002,0,4,1
N1066
1000,1001,0,2,0
1000,1002,1,0,0
N1067
1000,1001,0,2,1
1000,1002,1,0,0
N1068
1000,1001,0,2,1
1000,1002,1,0,1
N1069
1000,1001,0,2,0
1000,1002,1,1,0
N1070
1000,1001,0,2,1
1000,1002,1,1,0
N1071
1000,1001,0,2,1
1000,1002,1,1,1
N1072
1000,1001,0,2,0
1000,1002,1,2,0
N1073
1000,1001,0,2,1
1000,1002,1,2,0
N1074
1000,1001,0,2,1
1000,1002,1,2,1
N1075
1000,1001,0,2,0
1000,1002,1,3,0
N1076
1000,1001,0,2,1
1000,1002,1,3,0
N1077
1000,1001,0,2,1
1000,1002,1,3,1
N1078
1000,1001,0,2,0
1000,1002,1,4,0
N1079
1000,1001,0,2,1
1000,1002,1,4,0
N1080
1000,1001,0,2,1
1000,1002,1,4,1
N1081
1000,1001,0,3,0
1000,1002,0,0,0
N1082
1000,1001,0,3,1
1000,1002,0,0,0
N1083
1000,1001,0,3,1
1000,1002,0,0,1
N1084
1000,1001,0,3,0
1000,1002,0,1,0
N1085
1000,1001,0,3,1
1000,1002,0,1,0
N1086
1000,1001,0,3,1
1000,1002,0,1,1
N1087
1000,1001,0,3,0
1000,1002,0,2,0
N1088
1000,1001,0,3,1
1000,1002,0,2,0
N1089
1000,1001,0,3,1
1000,1002,0,2,1
N1090
1000,1001,0,3,0
1000,1002,0,4,0
N1091
1000,1001,0,3,1
1000,1002,0,4,0
N1092
1000,1001,0,3,1
1000,1002,0,4,1
N1093
1000,1001,0,3,0
1000,1002,1,0,0
N1094
1000,1001,0,3,1
1000,1002,1,0,0
N1095
1000,1001,0,3,1
1000,1002,1,0,1
N1096
1000,1001,0,3,0
1000,1002,1,1,0
N1097
1000,1001,0,3,1
1000,1002,1,1,0
N1098
1000,1001,0,3,1
1000,1002,1,1,1
N1099
1000,1001,0,3,0
1000,1002,1,2,0
N1100
1000,1001,0,3,1
1000,1002,1,2,0
N1101
1000,1001,0,3,1
1000,1002,1,2,1
N1102
1000,1001,0,3,0
1000,1002,1,3,0
N1103
1000,1001,0,3,1
1000,1002,1,3,0
N1104
1000,1001,0,3,1
1000,1002,1,3,1
N1105
1000,1001,0,3,0
1000,1002,1,4,0
N1106
1000,1001,0,3,1
1000,1002,1,4,0
N1107
1000,1001,0,3,1
1000,1002,1,4,1
N1108
1000,1001,0,4,0
1000,1002,0,0,0
N1109
1000,1001,0,4,1
1000,1002,0,0,0
N1110
1000,1001,0,4,1
1000,1002,0,0,1
N1111
1000,1001,0,4,0
1000,1002,0,1,0
N1112
1000,1001,0,4,1
1000,1002,0,1,0
N1113
1000,1001,0,4,1
1000,1002,0,1,1
N1114
1000,1001,0,4,0
1000,1002,0,2,0
N1115
1000,1001,0,4,1
1000,1002,0,2,0
N1116
1000,1001,0,4,1
1000,1002,0,2,1
N1117
1000,1001,0,4,0
1000,1002,0,3,0
N1118
1000,1001,0,4,1
1000,1002,0,3,0
N1119
1000,1001,0,4,1
1000,1002,0,3,1
N1120
1000,1001,0,4,0
1000,1002,1,0,0
N1121
1000,1001,0,4,1
1000,1002,1,0,0
N1122
1000,1001,0,4,1
1000,1002,1,0,1
N1123
1000,1001,0,4,0
1000,1002,1,1,0
N1124
1000,1001,0,4,1
1000,1002,1,1,0
N1125
1000,1001,0,4,1
1000,1002,1,1,1
N1126
1000,1001,0,4,0
1000,1002,1,2,0
N1127
1000,1001,0,4,1
1000,1002,1,2,0
N1128
1000,1001,0,4,1
1000,1002,1,2,1
N1129
1000,1001,0,4,0
1000,1002,1,3,0
N1130
1000,1001,0,4,1
1000,1002,1,3,0
N1131
1000,1001,0,4,1
1000,1002,1,3,1
N1132
1000,1001,0,4,0
1000,1002,1,4,0
N1133
1000,1001,0,4,1
1000,1002,1,4,0
N1134
1000,1001,0,4,1
1000,1002,1,4,1
N1135
1000,1001,1,0,0
1000,1002,0,0,0
N1136
1000,1001,1,0,1
1000,1002,0,0,0
N1137
1000,1001,1,0,1
1000,1002,0,0,1
N1138
1000,1001,1,0,0
1000,1002,0,1,0
N1139
1000,1001,1,0,1
1000,1002,0,1,0
N1140
1000,1001,1,0,1
1000,1002,0,1,1
N1141
1000,1001,1,0,0
1000,1002,0,2,0
N1142
1000,1001,1,0,1
1000,1002,0,2,0
N1143
1000,1001,1,0,1
1000,1002,0,2,1
N1144
1000,1001,1,0,0
1000,1002,0,3,0
N1145
1000,1001,1,0,1
1000,1002,0,3,0
N1146
1000,1001,1,0,1
1000,1002,0,3,1
N1147
1000,1001,1,0,0
1000,1002,0,4,0
N1148
1000,1001,1,0,1
1000,1002,0,4,0
N1149
1000,1001,1,0,1
1000,1002,0,4,1
N1150
1000,1001,1,0,0
1000,1002,1,1,0
N1151
1000,1001,1,0,1
1000,1002,1,1,0
N1152
1000,1001,1,0,1
1000,1002,1,1,1
N1153
1000,1001,1,0,0
1000,1002,1,2,0
N1154
1000,1001,1,0,1
1000,1002,1,2,0
N1155
1000,1001,1,0,1
1000,1002,1,2,1
N1156
1000,1001,1,0,0
1000,1002,1,3,0
N1157
1000,1001,1,0,1
1000,1002,1,3,0
N1158
1000,1001,1,0,1
1000,1002,1,3,1
N1159
1000,1001,1,0,0
1000,1002,1,4,0
N1160
1000,1001,1,0,1
1000,1002,1,4,0
N1161
1000,1001,1,0,1
1000,1002,1,4,1
N1162
1000,1001,1,1,0
1000,1002,0,0,0
N1163
1000,1001,1,1,1
1000,1002,0,0,0
N1164
1000,1001,1,1,1
1000,1002,0,0,1
N1165
1000,1001,1,1,0
1000,1002,0,1,0
N1166
1000,1001,1,1,1
1000,1002,0,1,0
N1167
1000,1001,1,1,1
1000,1002,0,1,1
N1168
1000,1001,1,1,0
1000,1002,0,2,0
N1169
1000,1001,1,1,1
1000,1002,0,2,0
N1170
1000,1001,1,1,1
1000,1002,0,2,1
N1171
1000,1001,1,1,0
1000,1002,0,3,0
N1172
1000,1001,1,1,1
1000,1002,0,3,0
N1173
1000,1001,1,1,1
1000,1002,0,3,1
N1174
1000,1001,1,1,0
1000,1002,0,4,0
N1175
1000,1001,1,1,1
1000,1002,0,4,0
N1176
1000,1001,1,1,1
1000,1002,0,4,1
N1177
1000,1001,1,1,0
1000,1002,1,0,0
N1178
1000,1001,1,1,1
1000,1002,1,0,0
N1179
1000,1001,1,1,1
1000,1002,1,0,1
N1180
1000,1001,1,1,0
1000,1002,1,2,0
N1181
1000,1001,1,1,1
1000,1002,1,2,0
N1182
1000,1001,1,1,1
1000,1002,1,2,1
N1183
1000,1001,1,1,0
1000,1002,1,3,0
N1184
1000,1001,1,1,1
1000,1002,1,3,0
N1185
1000,1001,1,1,1
1000,1002,1,3,1
N1186
1000,1001,1,1,0
1000,1002,1,4,0
N1187
1000,1001,1,1,1
1000,1002,1,4,0
N1188
1000,1001,1,1,1
1000,1002,1,4,1
N1189
1000,1001,1,2,0
1000,1002,0,0,0
N1190
1000,1001,1,2,1
1000,1002,0,0,0
N1191
1000,1001,1,2,1
1000,1002,0,0,1
N1192
1000,1001,1,2,0
1000,1002,0,1,0
N1193
1000,1001,1,2,1
1000,1002,0,1,0
N1194
1000,1001,1,2,1
1000,1002,0,1,1
N1195
1000,1001,1,2,0
1000,1002,0,2,0
N1196
1000,1001,1,2,1
1000,1002,0,2,0
N1197
1000,1001,1,2,1
1000,1002,0,2,1
N1198
1000,1001,1,2,0
1000,1002,0,3,0
N1199
1000,1001,1,2,1
1000,1002,0,3,0
N1200
1000,1001,1,2,1
1000,1002,0,3,1
N1201
1000,1001,1,2,0
1000,1002,0,4,0
N1202
1000,1001,1,2,1
1000,1002,0,4,0
N1203
1000,1001,1,2,1
1000,1002,0,4,1
N1204
1000,1001,1,2,0
1000,1002,1,0,0
N1205
1000,1001,1,2,1
1000,1002,1,0,0
N1206
1000,1001,1,2,1
1000,1002,1,0,1
N1207
1000,1001,1,2,0
1000,1002,1,1,0
N1208
1000,1001,1,2,1
1000,1002,1,1,0
N1209
1000,1001,1,2,1
1000,1002,1,1,1
N1210
1000,1001,1,2,0
1000,1002,1,3,0
N1211
1000,1001,1,2,1
1000,1002,1,3,0
N1212
1000,1001,1,2,1
1000,1002,1,3,1
N1213
1000,1001,1,2,0
1000,1002,1,4,0
N1214
1000,1001,1,2,1
1000,1002,1,4,0
N1215
1000,1001,1,2,1
1000,1002,1,4,1
N1216
1000,1001,1,3,0
1000,1002,0,0,0
N1217
1000,1001,1,3,1
1000,1002,0,0,0
N1218
1000,1001,1,3,1
1000,1002,0,0,1
N1219
1000,1001,1,3,0
1000,1002,0,1,0
N1220
1000,1001,1,3,1
1000,1002,0,1,0
N1221
1000,1001,1,3,1
1000,1002,0,1,1
N1222
1000,1001,1,3,0
1000,1002,0,2,0
N1223
1000,1001,1,3,1
1000,1002,0,2,0
N1224
1000,1001,1,3,1
1000,1002,0,2,1
N1225
1000,1001,1,3,0
1000,1002,0,3,0
N1226
1000,1001,1,3,1
1000,1002,0,3,0
N1227
1000,1001,1,3,1
1000,1002,0,3,1
N1228
1000,1001,1,3,0
1000,1002,0,4,0
N1229
1000,1001,1,3,1
1000,1002,0,4,0
N1230
1000,1001,1,3,1
1000,1002,0,4,1
N1231
1000,1001,1,3,0
1000,1002,1,0,0
N1232
1000,1001,1,3,1
1000,1002,1,0,0
N1233
1000,1001,1,3,1
1000,1002,1,0,1
N1234
1000,1001,1,3,0
1000,1002,1,1,0
N1235
1000,1001,1,3,1
1000,1002,1,1,0
N1236
1000,1001,1,3,1
1000,1002,1,1,1
N1237
1000,1001,1,3,0
1000,1002,1,2,0
N1238
1000,1001,1,3,1
1000,1002,1,2,0
N1239
1000,1001,1,3,1
1000,1002,1,2,1
N1240
1000,1001,1,3,0
1000,1002,1,4,0
N1241
1000,1001,1,3,1
1000,1002,1,4,0
N1242
1000,1001,1,3,1
1000,1002,1,4,1
N1243
1000,1001,1,4,0
1000,1002,0,0,0
N1244
1000,1001,1,4,1
1000,1002,0,0,0
N1245
1000,1001,1,4,1
1000,1002,0,0,1
N1246
1000,1001,1,4,0
1000,1002,0,1,0
N1247
1000,1001,1,4,1
1000,1002,0,1,0
N1248
1000,1001,1,4,1
1000,1002,0,1,1
N1249
1000,1001,1,4,0
1000,1002,0,2,0
N1250
1000,1001,1,4,1
1000,1002,0,2,0
N1251
1000,1001,1,4,1
1000,1002,0,2,1
N1252
1000,1001,1,4,0
1000,1002,0,3,0
N1253
1000,1001,1,4,1
1000,1002,0,3,0
N1254
1000,1001,1,4,1
1000,1002,0,3,1
N1255
1000,1001,1,4,0
1000,1002,0,4,0
N1256
1000,1001,1,4,1
1000,1002,0,4,0
N1257
1000,1001,1,4,1
1000,1002,0,4,1
N1258
1000,1001,1,4,0
1000,1002,1,0,0
N1259
1000,1001,1,4,1
1000,1002,1,0,0
N1260
1000,1001,1,4,1
1000,1002,1,0,1
N1261
1000,1001,1,4,0
1000,1002,1,1,0
N1262
1000,1001,1,4,1
1000,1002,1,1,0
N1263
1000,1001,1,4,1
1000,1002,1,1,1
N1264
1000,1001,1,4,0
1000,1002,1,2,0
N1265
1000,1001,1,4,1
1000,1002,1,2,0
N1266
1000,1001,1,4,1
1000,1002,1,2,1
N1267
1000,1001,1,4,0
1000,1002,1,3,0
N1268
1000,1001,1,4,1
1000,1002,1,3,0
N1269
1000,1001,1,4,1
1000,1002,1,3,1
