B77
5000,5001,406,328,5
5000,5002,406,363,0
5001,5003,406,372,0
5002,5004,406,384,0
B1G0
5000,5001,222,234,0
5001,5002,222,327,3
5001,5003,222,59,5
5000,5004,222,46,3
B2G0
5000,5001,503,12,1
5000,5002,503,71,3
5002,5003,503,109,0
5002,5004,503,237,1
B3G0
5000,5001,384,319,3
5001,5002,384,0,1
5000,5003,384,259,1
5000,5004,384,121,0
B4G0
5000,5001,201,375,0
5000,5002,0,200,3
5001,5003,0,356,0
5002,5004,0,238,1
B5G0
5000,5001,318,85,0
5001,5002,559,11,5
5002,5003,559,77,5
5003,5004,559,46,0
B6G0
5000,5001,479,488,0
5001,5002,479,559,0
5002,5003,479,456,5
5001,5004,479,282,3
B7G0
5000,5001,368,388,5
5001,5002,368,374,5
5001,5003,368,522,1
5001,5004,368,562,0
B8G0
5000,5001,356,229,1
5000,5002,356,377,5
5000,5003,356,451,0
5001,5004,356,345,5
B9G0
5000,5001,419,190,1
5000,5002,419,357,5
5001,5003,419,160,5
5003,5004,419,199,5
B10G0
5000,5001,217,327,0
5000,5002,217,153,1
5000,5003,217,359,3
5000,5004,217,378,5
B11G0
5000,5001,44,130,5
5000,5002,428,189,1
5002,5003,428,140,5
5002,5004,428,495,1
B12G0
5000,5001,436,426,0
5000,5002,436,424,1
5001,5003,436,390,0
5001,5004,436,428,3
B13G0
5000,5001,137,383,0
5000,5002,137,552,1
5001,5003,137,127,3
5002,5004,137,77,5
B14G0
5000,5001,277,219,3
5000,5002,277,194,1
5001,5003,277,157,3
5003,5004,277,91,1
B15G0
5000,5001,170,552,1
5000,5002,170,317,3
5002,5003,170,185,3
5003,5004,170,520,3
B16G0
5000,5001,137,383,0
5000,5002,137,515,1
5001,5003,137,194,3
5002,5004,137,77,5
B17G0
5000,5001,356,522,1
5000,5002,356,496,5
5000,5003,356,451,0
5001,5004,356,345,5
B18G0
5000,5001,251,188,5
5001,5002,251,59,5
5002,5003,251,377,0
5003,5004,251,167,0
B19G0
5000,5001,416,228,3
5001,5002,416,520,0
5000,5003,416,240,5
5002,5004,416,245,3
B20G0
5000,5001,89,205,3
5001,5002,89,337,0
5002,5003,89,17,3
5000,5004,89,322,1
B21G0
5000,5001,479,56,0
5001,5002,479,318,0
5002,5003,479,456,5
5001,5004,479,282,3
B22G0
5000,5001,449,311,1
5000,5002,449,488,0
5000,5003,449,532,5
5000,5004,449,240,3
B23G0
5000,5001,555,129,1
5001,5002,555,549,5
5002,5003,555,112,5
5002,5004,555,185,1
B24G0
5000,5001,237,280,0
5001,5002,237,284,5
5002,5003,237,175,5
5000,5004,237,516,1
B25G0
5000,5001,204,411,3
5001,5002,204,478,0
5001,5003,204,318,3
5003,5004,204,39,1
B26G0
5000,5001,221,109,3
5000,5002,221,187,1
5001,5003,221,11,3
5002,5004,221,222,3
B27G0
5000,5001,134,350,0
5001,5002,134,522,5
5001,5003,134,403,0
5000,5004,134,82,3
B28G0
5000,5001,483,382,0
5001,5002,483,445,3
5002,5003,483,509,1
5002,5004,483,226,3
B29G0
5000,5001,143,445,0
5000,5002,143,331,3
5001,5003,143,189,3
5000,5004,143,287,5
B30G0
5000,5001,199,366,5
5000,5002,199,414,1
5002,5003,199,169,3
5003,5004,199,141,0
B31G0
5000,5001,94,113,1
5000,5002,94,160,3
5001,5003,94,382,1
5003,5004,94,253,5
B32G0
5000,5001,419,190,1
5000,5002,419,327,5
5001,5003,419,66,5
5003,5004,419,199,5
B33G0
5000,5001,493,329,3
5001,5002,493,508,1
5001,5003,493,484,0
5003,5004,493,374,3
B34G0
5000,5001,410,71,0
5001,5002,374,126,0
5001,5003,374,99,3
5002,5004,374,491,0
B35G0
5000,5001,374,252,3
5000,5002,507,569,5
5001,5003,507,232,0
5003,5004,507,291,5
B36G0
5000,5001,507,71,0
5001,5002,374,126,0
5001,5003,374,99,3
5002,5004,374,491,0
B37G0
5000,5001,6,178,0
5001,5002,6,562,0
5000,5003,6,564,1
5001,5004,6,210,5
B38G0
5000,5001,276,60,1
5000,5002,276,6,0
5001,5003,276,145,5
5003,5004,276,90,1
B39G0
5000,5001,358,321,5
5001,5002,358,123,1
5000,5003,358,311,0
5001,5004,358,571,5
B40G0
5000,5001,112,326,0
5001,5002,112,274,5
5001,5003,112,219,0
5000,5004,112,181,1
B41G0
5000,5001,6,35,0
5001,5002,6,562,0
5000,5003,6,60,1
5001,5004,6,210,5
B42G0
5000,5001,178,259,3
5001,5002,35,563,1
5001,5003,35,295,0
5000,5004,35,300,0
B43G0
5000,5001,199,366,5
5000,5002,199,393,1
5002,5003,199,331,3
5003,5004,199,141,0
B44G0
5000,5001,213,63,1
5000,5002,213,414,0
5001,5003,213,181,1
5000,5004,213,180,5
B45G0
5000,5001,219,321,0
5000,5002,219,375,5
5001,5003,219,151,3
5001,5004,219,102,0
B46G0
5000,5001,211,31,1
5001,5002,211,141,5
5002,5003,211,52,5
5003,5004,211,445,1
B47G0
5000,5001,94,405,1
5000,5002,94,66,3
5001,5003,94,382,1
5003,5004,94,253,5
B48G0
5000,5001,247,140,1
5000,5002,247,497,3
5000,5003,247,429,5
5003,5004,247,113,0
B49G0
5000,5001,276,259,1
5000,5002,276,6,0
5001,5003,276,145,5
5003,5004,276,90,1
B50G0
5000,5001,35,564,3
5001,5002,35,563,1
5001,5003,35,295,0
5000,5004,35,300,0
B51G0
5000,5001,276,564,1
5000,5002,276,6,0
5001,5003,276,383,5
5003,5004,276,90,1
B52G0
5000,5001,137,145,0
5000,5002,137,552,1
5001,5003,137,194,3
5002,5004,137,77,5
B53G0
5000,5001,213,63,1
5000,5002,213,393,0
5001,5003,213,335,1
5000,5004,213,180,5
B54G0
5000,5001,181,499,5
5001,5002,335,508,0
5002,5003,335,113,3
5001,5004,335,311,5
B55G0
5000,5001,229,185,5
5001,5002,229,199,5
5001,5003,229,232,1
5001,5004,229,136,0
B56G0
5000,5001,419,190,1
5000,5002,419,327,5
5001,5003,419,160,5
5003,5004,419,17,5
B57G0
5000,5001,137,71,0
5001,5002,374,126,0
5001,5003,374,99,3
5002,5004,374,491,0
B58G0
5000,5001,236,438,3
5001,5002,236,487,0
5000,5003,236,374,1
5001,5004,236,68,1
B59G0
5000,5001,134,382,0
5001,5002,134,522,5
5001,5003,134,403,0
5000,5004,134,276,3
B60G0
5000,5001,353,82,5
5001,5002,353,36,0
5000,5003,353,155,3
5001,5004,353,555,1
B61G0
5000,5001,213,63,1
5000,5002,213,36,0
5001,5003,213,181,1
5000,5004,213,180,5
B62G0
5000,5001,353,276,5
5001,5002,353,393,0
5000,5003,353,155,3
5001,5004,353,555,1
B63G0
5000,5001,504,547,1
5000,5002,504,211,3
5002,5003,504,364,3
5003,5004,504,268,0
B64G0
5000,5001,130,151,1
5001,5002,211,141,5
5002,5003,211,52,5
5003,5004,211,445,1
B65G0
5000,5001,289,284,1
5001,5002,552,274,5
5001,5003,552,412,1
5001,5004,552,248,3
B66G0
5000,5001,495,320,3
5000,5002,495,552,5
5001,5003,495,308,1
5000,5004,495,450,0
B67G0
5000,5001,419,190,1
5000,5002,419,274,5
5001,5003,419,160,5
5003,5004,419,199,5
B68G0
5000,5001,358,321,5
5001,5002,358,123,1
5000,5003,358,327,0
5001,5004,358,571,5
B69G0
5000,5001,213,33,1
5000,5002,213,393,0
5001,5003,213,181,1
5000,5004,213,180,5
B70G0
5000,5001,557,289,0
5001,5002,557,442,0
5000,5003,557,185,5
5002,5004,557,63,3
B71G0
5000,5001,488,514,5
5000,5002,488,371,1
5002,5003,488,264,1
5003,5004,488,555,5
B72G0
5000,5001,260,234,3
5000,5002,555,431,5
5001,5003,555,237,3
5003,5004,555,333,0
B73G0
5000,5001,67,219,3
5000,5002,277,127,1
5001,5003,277,157,3
5003,5004,277,91,1
B74G0
5000,5001,92,476,5
5001,5002,92,331,5
5000,5003,92,277,3
5000,5004,92,266,0
B75G0
5000,5001,358,321,5
5001,5002,358,123,1
5000,5003,358,508,0
5001,5004,358,571,5
B76G0
5000,5001,17,26,5
5001,5002,17,282,5
5000,5003,17,316,0
5001,5004,17,274,0
B77G0
5000,5001,335,499,5
5001,5002,335,274,0
5002,5003,335,113,3
5001,5004,335,311,5
B78G0
5000,5001,552,284,1
5001,5002,552,508,5
5001,5003,552,412,1
5001,5004,552,248,3
B79G0
5000,5001,94,113,1
5000,5002,94,66,3
5001,5003,94,156,1
5003,5004,94,253,5
B80G0
5000,5001,20,128,5
5000,5002,20,471,3
5001,5003,20,382,1
5001,5004,20,231,0
B81G0
5000,5001,564,210,0
5001,5002,387,166,0
5000,5003,387,58,5
5001,5004,387,378,3
B82G0
5000,5001,387,363,1
5000,5002,564,196,0
5002,5003,564,491,3
5001,5004,564,512,3
B83G0
5000,5001,14,408,3
5001,5002,14,1,1
5000,5003,14,109,0
5002,5004,14,277,5
B84G0
5000,5001,222,367,0
5001,5002,222,327,3
5001,5003,222,59,5
5000,5004,222,46,3
B85G0
5000,5001,232,463,5
5001,5002,232,67,0
5001,5003,232,345,1
5002,5004,232,449,5
B86G0
5000,5001,356,522,1
5000,5002,356,377,5
5000,5003,356,451,0
5001,5004,356,554,5
B87G0
5000,5001,343,311,0
5001,5002,343,115,5
5000,5003,343,367,5
5003,5004,343,181,1
B88G0
5000,5001,495,391,3
5000,5002,495,305,5
5001,5003,495,250,3
5000,5004,495,566,1
B89G0
5000,5001,229,185,5
5001,5002,229,17,5
5001,5003,229,232,1
5001,5004,229,109,0
B90G0
5000,5001,222,136,0
5001,5002,222,327,3
5001,5003,222,59,5
5000,5004,222,46,3
B91G0
5000,5001,28,211,3
5001,5002,28,289,1
5001,5003,28,319,0
5002,5004,28,33,5
B92G0
5000,5001,495,320,3
5000,5002,495,176,5
5001,5003,495,308,1
5000,5004,495,450,0
B93G0
5000,5001,290,477,5
5001,5002,290,422,1
5001,5003,290,491,0
5001,5004,290,355,5
B94G0
5000,5001,564,363,1
5000,5002,564,196,0
5002,5003,564,96,3
5001,5004,564,512,3
B95G0
5000,5001,464,140,1
5000,5002,247,497,3
5000,5003,247,429,5
5003,5004,247,405,0
B96G0
5000,5001,384,247,1
5000,5002,384,111,5
5002,5003,384,336,5
5000,5004,384,8,3
B97G0
5000,5001,512,138,3
5000,5002,512,185,5
5001,5003,512,434,1
5002,5004,512,394,5
B98G0
5000,5001,557,289,0
5001,5002,557,442,0
5000,5003,557,164,5
5002,5004,557,33,3
B99G0
5000,5001,213,63,1
5000,5002,213,438,0
5001,5003,213,181,1
5000,5004,213,180,5
